"Lei301" <-
structure(list(RW.1A = structure(list("0" = c(945, 840, 803, 
915, 933, 811, 445, 1395, 845, 450, 1611, 945, 1392, 1689, 2610, 
3311, 3085, 3749, 2860, 3827, 3769, 4284, 4539, 5112, 5260, 5314, 
4063, 3830, 5261, 7809, 6030, 6293, 5299), "1" = c(NA, NA, NA, 
NA, NA, NA, 909, 821, 1259, 819, 1264, 1193, 960, 1289, 1998, 
3015, 3264, 3957, 3074, 3309, 3336, 3710, 3546, 3918, 3170, 3716, 
3530, 3625, 4619, 5544, 4315, 5375, 4534), "1.3" = c(NA, NA, 
NA, NA, NA, NA, NA, 482, 696, 739, 1154, 1321, 1459, 2105, 2259, 
2165, 2260, 3380, 2442, 2836, 2984, 2971, 3333, 3898, 3647, 3755, 
2898, 3888, 3874, 5190, 4441, 5498, 4679), "2" = c(NA, NA, NA, 
NA, NA, NA, NA, NA, NA, NA, NA, NA, 587, 816, 2329, 3161, 3145, 
4443, 3556, 3511, 2892, 3444, 3845, 4303, 4004, 4135, 3612, 3394, 
3990, 5388, 4219, 5710, 4309), "3" = c(NA, NA, NA, NA, NA, NA, 
NA, NA, NA, NA, NA, NA, NA, NA, 559, 700, 2298, 4046, 3849, 3680, 
2734, 3559, 4385, 4729, 4092, 3794, 3170, 3259, 3845, 5351, 4108, 
5423, 3859), "4" = c(NA, NA, NA, NA, NA, NA, NA, NA, NA, NA, 
NA, NA, NA, NA, NA, NA, NA, 2267, 3235, 2808, 2222, 3035, 4021, 
5147, 4494, 5033, 4235, 3862, 4498, 6282, 4814, 5468, 4285), 
    "5" = c(NA, NA, NA, NA, NA, NA, NA, NA, NA, NA, NA, NA, NA, 
    NA, NA, NA, NA, NA, NA, 1223, 1643, 1473, 2795, 3969, 4154, 
    3944, 3849, 3047, 4008, 5806, 4183, 4949, 3704), "6" = c(NA, 
    NA, NA, NA, NA, NA, NA, NA, NA, NA, NA, NA, NA, NA, NA, NA, 
    NA, NA, NA, NA, NA, 1349, 2227, 3323, 3796, 4093, 4242, 3353, 
    4539, 6814, 4917, 6105, 4824), "7" = c(NA, NA, NA, NA, NA, 
    NA, NA, NA, NA, NA, NA, NA, NA, NA, NA, NA, NA, NA, NA, NA, 
    NA, NA, 1166, 1851, 2880, 3210, 3175, 2583, 3199, 5588, 3880, 
    5528, 4372), "8" = c(NA, NA, NA, NA, NA, NA, NA, NA, NA, 
    NA, NA, NA, NA, NA, NA, NA, NA, NA, NA, NA, NA, NA, NA, NA, 
    1120, 2035, 2510, 2508, 3140, 4808, 3650, 5672, 4173), "9" = c(NA, 
    NA, NA, NA, NA, NA, NA, NA, NA, NA, NA, NA, NA, NA, NA, NA, 
    NA, NA, NA, NA, NA, NA, NA, NA, NA, NA, 1285, 1650, 2216, 
    4028, 3168, 4973, 3876), "10" = c(NA, NA, NA, NA, NA, NA, 
    NA, NA, NA, NA, NA, NA, NA, NA, NA, NA, NA, NA, NA, NA, NA, 
    NA, NA, NA, NA, NA, NA, NA, 994, 1944, 1797, 3014, 3102)), .Names = c("0", 
"1", "1.3", "2", "3", "4", "5", "6", "7", "8", "9", "10"), row.names = c("1968", 
"1969", "1970", "1971", "1972", "1973", "1974", "1975", "1976", 
"1977", "1978", "1979", "1980", "1981", "1982", "1983", "1984", 
"1985", "1986", "1987", "1988", "1989", "1990", "1991", "1992", 
"1993", "1994", "1995", "1996", "1997", "1998", "1999", "2000"
), class = "data.frame"), RW.1B = structure(list("0" = c(974, 
1214, 2110, 2194, 2874, 3738, 3438, 3178, 3305, 2553, 2005, 2895, 
3507, 4997, 2689), "1" = c(NA, NA, 1058, 1125, 1924, 2203, 2464, 
2467, 2785, 1909, 1023, 1760, 2408, 3040, 1960), "2" = c(NA, 
NA, NA, NA, 1270, 1151, 2533, 2648, 2819, 2108, 1297, 2038, 2669, 
3075, 2093), "3" = c(NA, NA, NA, NA, NA, NA, 939, 1348, 2368, 
1624, 1217, 1624, 1765, 2224, 1497), "4" = c(NA, NA, NA, NA, 
NA, NA, NA, NA, 535, 865, 1065, 1170, 1372, 879, 193)), .Names = c("0", 
"1", "2", "3", "4"), row.names = c("1986", "1987", "1988", "1989", 
"1990", "1991", "1992", "1993", "1994", "1995", "1996", "1997", 
"1998", "1999", "2000"), class = "data.frame"), Tree.features.1 = structure(list(
    tom = 1e+06, tocm = 10000, vols = 1.085, 
    vols.ste = 0, basd = 0.5792, basd.ste = 0.016, 
    carb = 0.4424, carb.ste = 0.0011), .Names = c("tom", 
"tocm", "vols", "vols.ste", "basd", 
"basd.ste", "carb", "carb.ste"), row.names = "1", class = "data.frame"), 
    AgeTable1 = structure(c(33, 27, 26, 21, 19, 16, 14, 12, 11, 
    9, 7, 5, 10.0324, 8.0069, 7.4354, 7.4793, 6.744, 6.5706, 
    4.8747, 4.9582, 3.7432, 2.9616, 2.1196, 1.0851, 0, 6, 7, 
    12, 14, 17, 19, 21, 22, 24, 26, 28), .Dim = c(12, 3), .Dimnames = list(
        c("0", "1", "1.3", "2", "3", "4", "5", "6", "7", "8", 
        "9", "10"), c("no", "radius", "age"))), SA.1.a = structure(list(
        Vol.pool = c(1.56102053627033e-07, 1.11391341970895e-06, 
        3.51232583545188e-06, 8.579960045803e-06, 1.71987973296935e-05, 
        2.88747596763204e-05, 5.67669044885297e-05, 9.23684986987498e-05, 
        0.000128064817636587, 0.000155210152541331, 0.000237262508795784, 
        0.00031453744811382, 0.000433615900488313, 0.000607463603875796, 
        0.000934896604109721, 0.0014855277346548, 0.00221897413911762, 
        0.00354375763366915, 0.00493462432200209, 0.00682834026263853, 
        0.00881388370784796, 0.0114967669818809, 0.0150389277138243, 
        0.0198802150726531, 0.0251836076468558, 0.0315400594195305, 
        0.0378392904129308, 0.0445394533388261, 0.0536477138435309, 
        0.0682185058676494, 0.0807809087573285, 0.0982625683154137, 
        0.113496803689792), Vol.pool.ste = c(0, 0, 0, 0, 0, 0, 
        0, 0, 0, 0, 0, 0, 0, 0, 0, 0, 0, 0, 0, 0, 0, 0, 0, 0, 
        0, 0, 0, 0, 0, 0, 0, 0, 0), Vol.incr = c(1.56102053627033e-07, 
        9.5781136608192e-07, 2.39841241574293e-06, 5.06763421035112e-06, 
        8.6188372838905e-06, 1.16759623466269e-05, 2.78921448122093e-05, 
        3.56015942102201e-05, 3.56963189378374e-05, 2.71453349047442e-05, 
        8.20523562544527e-05, 7.72749393180358e-05, 0.000119078452374493, 
        0.000173847703387484, 0.000327433000233925, 0.000550631130545077, 
        0.000733446404462825, 0.00132478349455153, 0.00139086668833294, 
        0.00189371594063644, 0.00198554344520942, 0.00268288327403298, 
        0.00354216073194336, 0.00484128735882884, 0.00530339257420268, 
        0.00635645177267468, 0.00629923099340034, 0.00670016292589529, 
        0.00910826050470474, 0.0145707920241185, 0.0125624028896791, 
        0.0174816595580852, 0.0152342353743787), Vol.incr.ste = c(0, 
        0, 0, 0, 0, 0, 0, 0, 0, 0, 0, 0, 0, 0, 0, 0, 0, 0, 0, 
        0, 0, 0, 0, 0, 0, 0, 0, 0, 0, 0, 0, 0, 0), Biomass.pool = c(9.04143094607776e-08, 
        6.45178652695425e-07, 2.03433912389373e-06, 4.9695128585291e-06, 
        9.96154341335848e-06, 1.67242608045248e-05, 3.28793910797564e-05, 
        5.34998344463159e-05, 7.41751423751113e-05, 8.98977203519392e-05, 
        0.000137422445094518, 0.000182180089947525, 0.000251150329562831, 
        0.000351842919364861, 0.000541492113100351, 0.00086041766391206, 
        0.00128522982137693, 0.00205254442142117, 0.00285813440730361, 
        0.00395497468012024, 0.00510500144358554, 0.00665892743590544, 
        0.00871054693184703, 0.0115146205700807, 0.0145863455490589, 
        0.0182680024157921, 0.0219165170071695, 0.0257972513738481, 
        0.0310727558581731, 0.0395121585985425, 0.0467883023522446, 
        0.0569136795682876, 0.0657373486971278), Biomass.pool.ste = c(2.49763285803253e-09, 
        1.78226147153432e-08, 5.61972133672302e-08, 1.37279360732848e-07, 
        2.75180757275096e-07, 4.61996154821126e-07, 9.08270471816475e-07, 
        1.47789597918000e-06, 2.04903708218540e-06, 2.48336244066130e-06, 
        3.79620014073255e-06, 5.03259916982112e-06, 6.937854407813e-06, 
        9.71941766201274e-06, 1.49583456657555e-05, 2.37684437544768e-05, 
        3.55035862258820e-05, 5.67001221387064e-05, 7.89539891520334e-05, 
        0.000109253444202217, 0.000141022139325567, 0.000183948271710095, 
        0.000240622843421189, 0.00031808344116245, 0.000402937722349693, 
        0.000504640950712488, 0.000605428646606893, 0.000712631253421218, 
        0.000858363421496494, 0.00109149609388239, 0.00129249454011726, 
        0.00157220109304662, 0.00181594885903668),